G:
[[982, 1221, 1090], [1128, 1416, 690], [1129, 953, 983], [952, 631, 681], [635, 1143, 1110], [661, 623, 1108], [981, 1127, 1183]]
grupos
Grupo: 0
[18, 19, 21, 26, 39, 48, 50, 52, 53, 56, 57, 58, 59, 60, 61, 62, 64, 66, 67, 71, 73, 74, 75, 76, 77, 79, 80, 81, 82, 83, 84, 85, 86, 87, 88, 90, 92, 93, 94, 95, 96, 99, 101, 104, 105, 106, 107, 109, 111, 112, 113, 114, 115, 117, 118, 120, 121, 122, 123, 125, 127, 128, 129, 133, 135, 136, 139, 140, 150, 153, 155, 157, 158, 159, 160, 162, 164, 165, 166, 173, 175, 176, 179, 180, 184, 188, 191, 193, 196, 198, 199, 200, 201, 202, 204, 206, 210, 211, 214, 215, 216, 218, 219, 225, 227, 228, 229, 232, 237, 241, 242, 244, 254, 261, 262, 270, 272, 279, 281, 292, 299, 313, 314, 327, 347, 366, 373, 377, 379, 383, 495, 496, 498, 501, 506, 507, 510, 517, 520, 524, 527, 528, 530, 531, 532, 535, 538, 545, 550, 552, 553, 563, 568, 570, 575, 576, 579, 580, 585, 587, 594, 595, 601, 602, 603, 605, 607, 609, 612, 613, 616, 617, 621, 624, 627, 628, 632, 633, 635, 639, 640, 641, 647, 650, 651, 652, 653, 655, 658, 660, 664, 665, 668, 669, 675, 677, 683, 684, 686, 687, 691, 694, 695, 699, 700, 704, 705, 707, 710, 712, 715, 716, 719, 721, 728, 730, 732, 734, 735, 741, 743, 748, 750, 751, 752, 754, 758, 761, 768, 770, 771, 773, 774, 775, 784, 786, 789, 792, 793, 794, 796, 801, 802, 805, 808, 810, 812, 813, 814, 815, 819, 821, 824, 827, 828, 829, 835, 836, 837, 838, 842, 843, 844, 847, 851, 852, 853, 854, 855, 856, 857, 858, 864, 865, 870, 871, 872, 873, 875, 877, 882, 885, 898, 899, 900, 904, 905, 906, 911, 914, 916, 918, 919, 921, 922, 924, 929, 931, 936, 938, 943, 945, 946, 949, 950, 955, 965, 996, 998, 1005, 1007, 1009, 1011, 1013, 1017, 1022, 1023, 1024, 1025, 1028, 1032, 1034, 1039, 1041, 1046, 1047, 1060, 1063, 1064, 1065, 1067, 1069, 1241, 1242, 1243, 1244, 1245, 1246, 1248, 1249, 1252, 1253, 1255, 1256, 1257, 1258, 1259, 1262, 1263, 1264, 1265, 1266, 1268, 1269, 1271, 1272, 1273, 1275, 1277, 1278, 1279, 1280, 1281, 1282, 1283, 1287, 1289, 1291, 1292, 1293, 1294, 1296, 1298, 1299, 1302, 1304, 1306, 1308, 1309, 1310, 1311, 1314, 1316, 1317, 1318, 1319, 1320, 1321, 1322, 1323, 1326, 1328, 1329, 1330, 1331, 1332, 1334, 1336, 1342, 1347, 1353, 1357, 1361, 1362, 1363, 1368, 1369, 1373, 1378, 1380, 1381, 1386, 1387, 1392, 1396, 1409, 1413, 1418, 1427, 1428, 1433, 1434, 1437, 1438, 1472, 1531, 1589, 1590, 1594, 1596, 1597, 1598, 1601, 1602, 1603, 1606, 1608, 1615, 1616, 1617, 1618, 1620, 1621, 1631, 1633, 1637, 1640, 1643, 1645, 1650, 1654, 1657, 1664, 1666, 1668, 1673, 1674, 1676, 1679, 1685, 1687, 1688, 1689, 1690, 1698, 1702, 1704, 1706, 1709, 1710, 1712, 1714, 1715, 1716, 1717, 1720, 1721, 1723, 1724, 1728, 1729, 1730, 1731, 1733, 1737, 1738, 1740, 1742, 1743, 1744, 1746, 1747, 1749, 1750, 1751, 1753, 1757, 1758, 1762, 1763, 1764, 1765, 1766, 1767, 1768, 1770, 1772, 1773, 1775, 1778, 1779, 1780, 1785, 1788, 1798, 1800, 1801, 1805, 1808, 1810, 1814, 1815, 1817, 1818, 1820, 1821, 1822, 1825, 1826, 1832, 1835, 1836, 1840, 1842, 1843, 1844, 1845, 1846, 1852, 1855, 1859, 1860, 1863, 1865, 1867, 1870, 1871, 1873, 1882, 1883, 1885, 1886, 1889, 1890, 1891, 1892, 1893, 1898, 1899, 1901, 1905, 1908, 1911, 1913, 1914, 1920, 1921, 1923, 1924, 1926, 1928, 1930, 1933, 1934, 1937, 1939, 1940, 1941, 1942, 1944, 1945, 1946, 1955, 1959, 1961, 1966, 1968, 1971, 1977, 1980, 1981, 1982, 1983, 1986, 1994, 1997, 1998, 1999, 2013, 2019, 2028, 2033, 2037, 2041, 2055, 2056, 2072, 2073, 2074, 2076, 2077, 2078, 2080, 2081, 2086, 2087, 2092, 2093, 2094]
Grupo: 1
[137, 138, 142, 143, 144, 146, 147, 149, 151, 152, 154, 156, 163, 167, 168, 169, 170, 171, 172, 174, 177, 178, 182, 186, 187, 189, 190, 192, 195, 197, 205, 207, 208, 212, 217, 220, 221, 222, 223, 224, 231, 234, 236, 248, 252, 259, 273, 284, 289, 290, 293, 296, 297, 303, 308, 310, 320, 325, 330, 335, 341, 346, 353, 355, 358, 361, 371, 376, 382, 385, 387, 388, 494, 497, 499, 502, 503, 504, 508, 509, 512, 514, 518, 519, 521, 522, 525, 529, 533, 534, 536, 537, 540, 541, 542, 543, 544, 547, 548, 549, 551, 611, 620, 645, 648, 649, 657, 673, 674, 679, 680, 685, 689, 692, 706, 708, 709, 711, 713, 717, 718, 722, 723, 724, 725, 726, 731, 733, 736, 737, 738, 739, 742, 744, 745, 746, 747, 749, 753, 756, 757, 759, 760, 762, 962, 978, 1043, 1044, 1055, 1059, 1086, 1107, 1115, 1117, 1137, 1148, 1150, 1153, 1159, 1164, 1170, 1176, 1194, 1203, 1204, 1214, 1230, 1238, 1250, 1251, 1254, 1260, 1261, 1270, 1276, 1286, 1288, 1295, 1297, 1300, 1303, 1305, 1307, 1312, 1313, 1315, 1324, 1325, 1327, 1333, 1586, 1587, 1591, 1592, 1593, 1595, 1600, 1604, 1605, 1607, 1609, 1610, 1611, 1612, 1613, 1614, 1619, 1623, 1624, 1625, 1627, 1628, 1629, 1632, 1634, 1635, 1636, 1638, 1639, 1642, 1734, 1736, 1739, 1741, 1745, 1752, 1754, 1755, 1756, 1760, 1906, 1907, 1909, 1910, 1912, 1915, 1916, 1917, 1919, 1922, 1925, 1938, 1943, 1947, 1948, 1949, 1952, 1953, 1954, 1956, 1957, 1958, 1960, 1962, 1964, 1969, 1970, 1972, 1973, 1975, 1976, 1979]
Grupo: 2
[161, 209, 230, 233, 238, 245, 247, 249, 250, 264, 265, 266, 268, 271, 275, 278, 280, 282, 298, 300, 309, 311, 322, 328, 333, 334, 340, 345, 359, 365, 367, 368, 369, 370, 384, 386, 390, 393, 402, 404, 465, 615, 618, 619, 622, 626, 629, 630, 634, 638, 644, 654, 656, 659, 661, 666, 667, 670, 671, 676, 681, 688, 696, 701, 702, 1015, 1021, 1031, 1033, 1037, 1038, 1042, 1053, 1056, 1058, 1070, 1135, 1247, 1267, 1274, 1284, 1285, 1290, 1440, 1452, 1455, 1465, 1477, 1482, 1497, 1512, 1517, 1534, 1556, 1700, 1701, 1708, 1718, 1722, 1725, 1726, 1735, 1748, 1759, 1761, 1769, 1771]
Grupo: 3
[0, 1, 3, 4, 6, 7, 8, 9, 10, 11, 13, 15, 17, 20, 22, 24, 25, 28, 29, 30, 31, 34, 35, 36, 40, 43, 45, 46, 47, 141, 145, 148, 181, 183, 185, 194, 203, 213, 226, 283, 287, 394, 395, 396, 397, 398, 399, 400, 401, 403, 405, 406, 407, 408, 409, 410, 411, 412, 413, 414, 417, 418, 420, 421, 423, 424, 425, 426, 429, 430, 431, 432, 433, 434, 435, 436, 438, 440, 441, 443, 445, 446, 447, 448, 450, 451, 452, 453, 454, 455, 456, 457, 458, 459, 460, 461, 462, 463, 464, 466, 467, 468, 469, 470, 471, 472, 473, 474, 475, 476, 477, 478, 479, 480, 481, 483, 484, 485, 486, 487, 488, 489, 490, 491, 492, 493, 555, 557, 558, 559, 562, 564, 566, 567, 571, 573, 574, 577, 582, 584, 586, 588, 590, 591, 593, 597, 600, 604, 606, 610, 693, 764, 779, 780, 781, 782, 783, 785, 788, 791, 795, 803, 806, 952, 954, 956, 957, 958, 959, 961, 963, 964, 966, 967, 968, 969, 970, 971, 972, 973, 975, 976, 977, 979, 980, 983, 984, 985, 987, 989, 990, 992, 993, 994, 995, 997, 999, 1002, 1003, 1004, 1006, 1008, 1010, 1012, 1072, 1073, 1074, 1075, 1076, 1077, 1078, 1079, 1080, 1081, 1082, 1083, 1084, 1085, 1087, 1088, 1089, 1090, 1092, 1093, 1094, 1096, 1098, 1100, 1101, 1102, 1103, 1104, 1105, 1106, 1108, 1109, 1110, 1113, 1114, 1116, 1119, 1122, 1123, 1124, 1126, 1127, 1128, 1129, 1131, 1132, 1133, 1136, 1138, 1140, 1141, 1142, 1143, 1144, 1145, 1146, 1147, 1151, 1155, 1156, 1157, 1158, 1160, 1161, 1162, 1163, 1165, 1166, 1168, 1169, 1171, 1172, 1173, 1174, 1175, 1177, 1178, 1179, 1180, 1181, 1182, 1183, 1184, 1186, 1187, 1188, 1189, 1190, 1191, 1192, 1195, 1196, 1198, 1199, 1200, 1201, 1202, 1205, 1206, 1207, 1208, 1209, 1210, 1211, 1212, 1213, 1215, 1216, 1217, 1218, 1219, 1220, 1221, 1223, 1224, 1225, 1227, 1228, 1229, 1231, 1232, 1233, 1235, 1236, 1239, 1240, 1344, 1346, 1348, 1350, 1351, 1354, 1355, 1358, 1359, 1360, 1364, 1365, 1370, 1371, 1372, 1374, 1375, 1376, 1379, 1382, 1383, 1384, 1385, 1388, 1389, 1390, 1391, 1393, 1394, 1395, 1397, 1398, 1399, 1400, 1401, 1402, 1403, 1404, 1405, 1406, 1408, 1412, 1414, 1416, 1417, 1424, 1425, 1426, 1430, 1431, 1432, 1439, 1441, 1442, 1443, 1444, 1445, 1446, 1447, 1448, 1449, 1450, 1451, 1453, 1454, 1456, 1457, 1458, 1459, 1460, 1461, 1462, 1463, 1464, 1466, 1467, 1468, 1469, 1470, 1471, 1473, 1474, 1475, 1478, 1479, 1480, 1481, 1483, 1484, 1485, 1486, 1487, 1488, 1489, 1490, 1491, 1492, 1493, 1494, 1495, 1496, 1498, 1499, 1500, 1501, 1502, 1503, 1504, 1505, 1506, 1507, 1508, 1509, 1510, 1511, 1513, 1514, 1515, 1516, 1518, 1519, 1520, 1521, 1522, 1523, 1524, 1525, 1526, 1527, 1528, 1529, 1530, 1532, 1533, 1535, 1536, 1537, 1538, 1539, 1540, 1541, 1542, 1543, 1544, 1545, 1546, 1547, 1548, 1549, 1550, 1551, 1552, 1553, 1554, 1555, 1557, 1558, 1559, 1560, 1561, 1562, 1563, 1564, 1565, 1566, 1567, 1568, 1569, 1570, 1571, 1572, 1573, 1574, 1575, 1576, 1577, 1578, 1579, 1580, 1581, 1582, 1583, 1584, 1585, 1644, 1646, 1647, 1648, 1651, 1653, 1655, 1656, 1660, 1665, 1670, 1671, 1675, 1678, 1680, 1681, 1682, 1683, 1684, 1691, 1692, 1694, 1696, 1774, 1776, 1777, 1781, 1782, 1783, 1784, 1786, 1787, 1789, 1790, 1791, 1792, 1793, 1794, 1795, 1796, 1797, 1799, 1802, 1803, 1804, 1806, 1807, 1809, 1811, 1812, 1813, 1816, 1819, 1823, 1824, 1827, 1828, 1829, 1830, 1831, 1833, 1834, 1837, 1838, 1839, 1841, 1847, 1848, 1849, 1850, 1851, 1853, 1854, 1856, 1857, 1858, 1861, 1862, 1864, 1866, 1868, 1869, 1872, 1874, 1875, 1876, 1877, 1878, 1879, 1880, 1881, 1884, 1887, 1888, 1894, 1895, 1896, 1897, 1900, 1902, 1903, 1985, 1988, 1989, 1990, 1991, 1992, 1995, 1996, 2000, 2002, 2004, 2005, 2006, 2007, 2008, 2011, 2012, 2014, 2015, 2016, 2017, 2020, 2021, 2026, 2027, 2029, 2031, 2034, 2075, 2079, 2082, 2083, 2084, 2085, 2088, 2089, 2090, 2091, 2095, 2096, 2097, 2098, 2099]
Grupo: 4
[49, 51, 54, 55, 63, 65, 68, 69, 70, 72, 78, 89, 91, 97, 98, 100, 102, 103, 108, 110, 116, 119, 124, 126, 130, 131, 132, 134, 235, 239, 240, 243, 246, 251, 253, 255, 256, 258, 263, 267, 269, 274, 276, 277, 286, 288, 291, 294, 295, 302, 304, 305, 306, 307, 315, 316, 317, 318, 319, 321, 323, 324, 326, 329, 331, 332, 336, 337, 339, 342, 343, 344, 348, 349, 350, 351, 352, 354, 356, 357, 360, 362, 363, 364, 372, 374, 375, 378, 381, 389, 391, 392, 415, 416, 419, 422, 427, 428, 437, 439, 442, 444, 449, 482, 500, 505, 511, 513, 515, 516, 523, 526, 546, 554, 561, 565, 572, 581, 614, 623, 625, 631, 636, 637, 642, 643, 646, 662, 663, 672, 678, 682, 690, 697, 698, 703, 714, 729, 740, 755, 765, 766, 767, 769, 772, 777, 778, 798, 799, 800, 804, 807, 809, 816, 817, 818, 820, 822, 823, 825, 826, 830, 831, 832, 833, 834, 839, 840, 841, 845, 846, 848, 849, 850, 859, 860, 861, 862, 863, 866, 867, 868, 869, 874, 876, 878, 879, 880, 881, 883, 884, 886, 887, 888, 889, 890, 891, 892, 893, 894, 895, 896, 897, 901, 902, 903, 907, 908, 909, 910, 912, 913, 915, 917, 920, 923, 925, 926, 927, 928, 930, 932, 933, 934, 935, 937, 939, 940, 941, 942, 944, 947, 948, 951, 953, 960, 974, 981, 982, 986, 988, 991, 1000, 1001, 1014, 1016, 1018, 1019, 1020, 1026, 1027, 1029, 1030, 1035, 1036, 1040, 1045, 1048, 1049, 1050, 1051, 1052, 1057, 1061, 1062, 1066, 1068, 1071, 1091, 1095, 1097, 1099, 1111, 1112, 1118, 1120, 1121, 1125, 1130, 1134, 1139, 1149, 1152, 1154, 1167, 1185, 1193, 1197, 1222, 1226, 1234, 1237, 1339, 1367, 1407, 1410, 1411, 1415, 1419, 1420, 1421, 1422, 1423, 1429, 1435, 1436, 1476, 1588, 1626, 1630, 1669, 1703, 1705, 1707, 1711, 1713, 1719, 1727, 1732, 1904, 1918, 1929, 1931, 1951, 1963, 1965, 1967, 1974, 2009, 2030, 2032, 2035, 2036, 2038, 2039, 2040, 2042, 2043, 2044, 2045, 2046, 2047, 2048, 2049, 2050, 2051, 2052, 2053, 2054, 2057, 2058, 2059, 2060, 2061, 2062, 2063, 2064, 2065, 2066, 2067, 2068, 2069, 2070, 2071]
Grupo: 5
[257, 260, 285, 301, 312, 338, 380, 539, 720, 727, 1054, 1301, 1599, 1622, 1641, 1927, 1932, 1935, 1936, 1950, 1978]
Grupo: 6
[2, 5, 12, 14, 16, 23, 27, 32, 33, 37, 38, 41, 42, 44, 556, 560, 569, 578, 583, 589, 592, 596, 598, 599, 608, 763, 776, 787, 790, 797, 811, 1335, 1337, 1338, 1340, 1341, 1343, 1345, 1349, 1352, 1356, 1366, 1377, 1649, 1652, 1658, 1659, 1661, 1662, 1663, 1667, 1672, 1677, 1686, 1693, 1695, 1697, 1699, 1984, 1987, 1993, 2001, 2003, 2010, 2018, 2022, 2023, 2024, 2025]
Pesos:
[[0.75499474192303817, 1.3245125356143697], [0.78806110277623576, 1.2689371375863259], [0.89123783527171352, 1.1220349500704581], [0.78702996648709367, 1.2705996500533487], [0.80623464067078565, 1.2403337062867974], [0.7959780929043504, 1.2563159827065316], [0.78997505286091674, 1.2658627590560891]]
Fuzzy:
[[0.1451284107728201, 0.13461080448741231, 0.1317932075456737, 0.14936955746857461, 0.1453240898935497, 0.14629796966201991, 0.14747596016994965], [0.14361403120878569, 0.13238399881844296, 0.13054436605038072, 0.1514486615138555, 0.1462323625499185, 0.14855282739087675, 0.14722375246773992], [0.14639113546728968, 0.14070007672403845, 0.140892752323038, 0.14220172260852665, 0.1427406154942461, 0.14032353579990392, 0.1467501615829572], [0.14142541055821414, 0.13207652438864048, 0.1350118230408229, 0.15108114200129538, 0.14484280039325351, 0.14908232316540662, 0.14647997645236696], [0.14423739820346576, 0.13317562981898015, 0.13139844695214503, 0.15012619274583572, 0.14644806778946351, 0.14741780822116868, 0.14719645626894115], [0.14629672950903283, 0.13805890168571822, 0.1368506048350468, 0.14527197398705952, 0.14331240814349272, 0.1428191355999289, 0.147390246239721], [0.14187952198071263, 0.1317165671135902, 0.13451654997249488, 0.15094270046521216, 0.14547193331341227, 0.14878877159071624, 0.1466839555638616], [0.13991103919472631, 0.13148613982757593, 0.13722151994207082, 0.15119233524677106, 0.14505594371709257, 0.14927130317012727, 0.14586171890163604], [0.14108209648533929, 0.13169351565315704, 0.13569258090473019, 0.15093545980061923, 0.14525439182382271, 0.14904873526620366, 0.14629322006612788], [0.13973729177613792, 0.13126281695235925, 0.13648983084922214, 0.151797426537707, 0.14502351224644297, 0.14991179109969688, 0.14577733053843386], [0.14070965462649265, 0.13206721355048295, 0.13601068109757283, 0.15121817412272703, 0.14462106416859524, 0.14922248309323988, 0.14615072934088943], [0.14150278251237547, 0.13082325057685462, 0.13289830315492848, 0.15260573166103919, 0.1454627680194874, 0.14992041272407586, 0.14678675135123895], [0.14623631466701617, 0.13694716648712663, 0.13460215622456762, 0.146972389496416, 0.14374492153085786, 0.14389332499392471, 0.14760372660009102], [0.14396637074760707, 0.13295622853785727, 0.13076570508379032, 0.15102486983390118, 0.14588810439951791, 0.14810274738351137, 0.14729597401381497], [0.14668594703826174, 0.14170073359453952, 0.14100979032589978, 0.14187771762356546, 0.14213587857574619, 0.13987087004454785, 0.14671906279743946], [0.14191245163460084, 0.1316850424445665, 0.13338315300690634, 0.15179459766842512, 0.14506722815863204, 0.14933629442818933, 0.14682123265867986], [0.14663187929447799, 0.13774405489085007, 0.13487123741767473, 0.14644913215916761, 0.14328295810240876, 0.14335699781637329, 0.14766374031904758], [0.13882692010418102, 0.12921549259072387, 0.13401091397001391, 0.1542938172702488, 0.14576644874035513, 0.15215498649971571, 0.14573142082476154], [0.14810699523896054, 0.14370467042045937, 0.14399980711275248, 0.1378555078577344, 0.1438102511102469, 0.13619802608882714, 0.14632474217101915], [0.14820122916783421, 0.14307005704043935, 0.14209435452218103, 0.13924232923626639, 0.14313681670373349, 0.13752002934270147, 0.14673518398684404], [0.1432950129733031, 0.13250084906142795, 0.13198708319944796, 0.15110670155687386, 0.14546065333431457, 0.14846810829703472, 0.14718159157759778], [0.14766595088717469, 0.14044406802183812, 0.13841883678033848, 0.14321947212525013, 0.14262754857819954, 0.14024217145906379, 0.14738195214813526], [0.14317509694824149, 0.13292322112878938, 0.13451940505128165, 0.14960618477944643, 0.14542377501003415, 0.1473974192171088, 0.14695489786509811], [0.14586750691258199, 0.13796314636327997, 0.13807715556158742, 0.14480570811277926, 0.14352836484044421, 0.14261442070607622, 0.14714369750325093], [0.14405197086210719, 0.13485599662468228, 0.13745290127685206, 0.14686851105685769, 0.14508173499536436, 0.14488707377485419, 0.1468018114092822], [0.14038548737853002, 0.12893260949127183, 0.13216178616451765, 0.15394072603927525, 0.1467304031430966, 0.1514505322843416, 0.14639845549896707], [0.14713224778630993, 0.14110364835370529, 0.14062546684866309, 0.14169052823041395, 0.14286766123745812, 0.13966418440913358, 0.14691626313431611], [0.14618920435500021, 0.13981641307497353, 0.13937411268648905, 0.14379687485075335, 0.14236247779932876, 0.14144478084928169, 0.14701613638417346], [0.14432015075284838, 0.135052950686158, 0.13611560720342084, 0.14757125855617201, 0.14451545787746961, 0.1453559295825346, 0.1470686453413966], [0.13984670297740501, 0.13133305588866198, 0.13849950569465727, 0.14997994711536139, 0.14599208419287732, 0.14882088361242415, 0.14552782051861285], [0.13894558089594242, 0.12752201027871291, 0.12979644777403221, 0.15750803216256373, 0.14600757022029559, 0.15396542843139474, 0.14625493023705841], [0.14465264216927631, 0.1343749847558143, 0.13182682805054252, 0.15011040069852333, 0.14443309476417265, 0.14703464431809052, 0.14756740524358031], [0.14644172366257158, 0.14056597029111254, 0.14006323625565584, 0.14290605153495159, 0.14233712757854411, 0.14077028714221837, 0.14691560353494595], [0.14678462027193914, 0.13861579617272285, 0.13695296380011465, 0.14494050612919962, 0.14313242594873435, 0.14210501771926196, 0.1474686699580274], [0.13744848944386487, 0.12897097608867206, 0.13637231584823223, 0.15417149513016606, 0.14590503618567088, 0.15206579101527867, 0.14506589628811525], [0.13964945496243769, 0.12857202991370448, 0.13089967726287927, 0.15556317783882495, 0.14619903945370999, 0.15291988349452248, 0.14619673707392111], [0.14114468432053628, 0.13077073801065595, 0.13293921176257723, 0.15296683419010074, 0.14515437703323614, 0.15032526544929695, 0.14669888923359667], [0.14716887027895906, 0.13867663819803341, 0.1359959385604442, 0.14531160928849715, 0.14312268427416769, 0.14211550377525334, 0.14760875562464515], [0.14635833924181402, 0.13898266663987147, 0.13842148129696774, 0.14401062166908152, 0.14312765854514922, 0.14194177226197549, 0.14715746034514057], [0.14808440458876143, 0.14279411824283406, 0.14094536795689674, 0.14070037107624428, 0.14229874230650838, 0.13814778173949954, 0.14702921408925562], [0.1387876871992503, 0.13039992795635302, 0.13682351918067387, 0.15259281222176357, 0.14528151544978915, 0.15056343391285737, 0.14555110407931271], [0.14652685272976321, 0.13870340262234768, 0.13703023276106738, 0.14505174165744977, 0.14278499500909622, 0.14246115922843125, 0.14744161599184447], [0.14696825458682164, 0.13934491150384781, 0.13790123363512163, 0.14403863833732361, 0.14295736780403762, 0.1414182704325998, 0.14737132370024789], [0.14366258438763865, 0.13323874625605875, 0.13232059044646463, 0.15078250614334732, 0.14470697025543777, 0.14792169066645572, 0.1473669118445971], [0.14642980135838091, 0.13874622755429389, 0.13772929161592759, 0.14456495071934358, 0.14302134915144255, 0.14219574379971045, 0.14731263580090107], [0.14258057956303724, 0.13237527221436207, 0.13510951150583619, 0.14962945842860617, 0.14577748475922397, 0.14781595718426097, 0.14671173634467338], [0.13805332791494698, 0.1299590534228143, 0.13577041115225244, 0.15419527924513432, 0.1448357095979142, 0.151785721743732, 0.1454004969232057], [0.14309503316450889, 0.13286494974234211, 0.13501566004847776, 0.14924704448035528, 0.14565696513372509, 0.14726477686965889, 0.14685557056093199], [0.14857251476813971, 0.14157970995759028, 0.14361716440413669, 0.1366415437539481, 0.14688393402705024, 0.13841072091976095, 0.14429441216937405], [0.14403098648753268, 0.13455442819858507, 0.1383613656756533, 0.14393476760761389, 0.14980575523093273, 0.1461769555739921, 0.14313574122569023], [0.14890240711514502, 0.14326970902255867, 0.14537281819422615, 0.13499806370278275, 0.14610368760873033, 0.13691832235753407, 0.14443499199902296], [0.14770942558787933, 0.13906762495451264, 0.14181444880241165, 0.13818774579583898, 0.14852031917781686, 0.14042855099864013, 0.14427188468290042], [0.149128100313104, 0.14255563341916097, 0.14520886835889166, 0.13499948339013132, 0.14671309887467046, 0.13691056274859364, 0.14448425289544789], [0.14852904491153948, 0.14450666942712467, 0.14707704670250055, 0.13387967520085473, 0.14585507395686589, 0.13590125486091237, 0.14425123494020226], [0.14340982252199549, 0.13401040284901988, 0.13870548575510799, 0.14454727981689258, 0.14962280716625659, 0.14675314958672567, 0.14295105230400174], [0.14523335431193959, 0.1360923120535549, 0.13869745084839827, 0.14241146675862237, 0.14964680087339843, 0.1445045883436108, 0.14341402681047563], [0.14849152535126697, 0.1442785045590308, 0.1469653604531431, 0.13394610167702881, 0.14590789292206635, 0.13607061283913402, 0.14434000219832999], [0.14875302360185808, 0.14423790000976569, 0.14686037946958802, 0.13391882792096543, 0.14598579015047319, 0.13588979367836065, 0.14435428516898893], [0.14892009493542666, 0.14349071343806238, 0.146340503008383, 0.13425628514596211, 0.1462414464537031, 0.13623404267083281, 0.14451691434762995], [0.14842933157062793, 0.14118316424908484, 0.14333464764597117, 0.13690388081612809, 0.14712215895617634, 0.13872365469894779, 0.1443031620630639], [0.14888097889446447, 0.14318069239744383, 0.14546407994147284, 0.13488202416725123, 0.14617725568334516, 0.136912644602249, 0.14450232431377344], [0.14889253332616079, 0.14351741738628987, 0.14640594849120428, 0.13422025900884013, 0.14624216757568551, 0.13618802095838151, 0.14453365325343784], [0.14882525081498632, 0.14268011874887293, 0.14462053913251049, 0.13571045978979765, 0.14628968443311097, 0.13748385712079428, 0.1443900899599273], [0.14403926870580661, 0.13441807744451381, 0.13836739215702412, 0.14391439763701339, 0.1499429456630722, 0.14618206428363162, 0.1431358541089382], [0.1484943228622955, 0.14433237039074864, 0.14696966040157114, 0.13395425678340728, 0.14589048316692718, 0.1360427748663546, 0.14431613152869563], [0.1485454558111437, 0.13956544378014216, 0.1435855574891706, 0.13640995369936504, 0.14875814061349046, 0.13865356675694224, 0.14448188184974578], [0.14871474347700064, 0.14189891474588201, 0.14406246271067263, 0.13625826967396776, 0.14675037743758387, 0.13797643387504219, 0.14433879807985084], [0.14845909766368082, 0.1441023386057457, 0.14716594438618938, 0.13389919573639919, 0.1459963111129822, 0.13601050320191763, 0.14436660929308506], [0.14041523359291389, 0.13093791542626435, 0.14124595373128118, 0.14600108468647408, 0.15025310341425185, 0.148800416369545, 0.14234629277926975], [0.14747133656365671, 0.13839255012418294, 0.1415536786003091, 0.13860080757540488, 0.14903013947676333, 0.14079815550894248, 0.14415333215074055], [0.14467194051227461, 0.13508399623661135, 0.13841188542495214, 0.14314241571236566, 0.15007161730897459, 0.1453562153719343, 0.14326192943288737], [0.14893803596242855, 0.14289580825345996, 0.14501846557425221, 0.13533300454750288, 0.14627771002060902, 0.1371450889578239, 0.1443918866839235], [0.14334577784067945, 0.13385459843818318, 0.13875474213467567, 0.14457771959458945, 0.14968597183241045, 0.14682050017196252, 0.14296068998749925], [0.14892882799127916, 0.14397046805921832, 0.14648663177576246, 0.13406090468260431, 0.14606243459806056, 0.13605839497989572, 0.1444323379131795], [0.14884091552347742, 0.14267622853791279, 0.14490809831072995, 0.13544374257280406, 0.14634515245024915, 0.13733340218525805, 0.14445246041956861], [0.1488914310517665, 0.14340796155940683, 0.14557584838405146, 0.13483193339507316, 0.14607028367105515, 0.13677698446900624, 0.14444555746964069], [0.14884974000817225, 0.14346230579193495, 0.14612748741031251, 0.13444953256994882, 0.1461769826999568, 0.13641719878698588, 0.14451675273268885], [0.14839219421792282, 0.13986779207001865, 0.14301996808096901, 0.13696502429713059, 0.14836735746098395, 0.13906375350898365, 0.14432391036399128], [0.14431161994483285, 0.1348026279456836, 0.13837539744856892, 0.14364309443004383, 0.14989257488058128, 0.14580749534858742, 0.14316719000170214], [0.14860122226436595, 0.14192170115174896, 0.14395966582575209, 0.13636279397333681, 0.14661545783241178, 0.1381460100102064, 0.14439314894217797], [0.14893159783906634, 0.14356038980686583, 0.14640035748726205, 0.13416531370268314, 0.14622582707700765, 0.13620768606292361, 0.14450882802419135], [0.1487992366200826, 0.14174272182857048, 0.14400189295260435, 0.13604918619648473, 0.14698807016264076, 0.13800904150236992, 0.14440985073724719], [0.14871028359871621, 0.14379911123842126, 0.14644915298573941, 0.13429028313269592, 0.14602647199332361, 0.13629468231074637, 0.14443001474035722], [0.14908592836904933, 0.14296905178633823, 0.14637948910489779, 0.1341505068459807, 0.14660794352765344, 0.13617428166174927, 0.14463279870433124], [0.14898262328947054, 0.14268989540553029, 0.14491241190672233, 0.13530117806241115, 0.14643799319646353, 0.1372269801638448, 0.14444891797555745], [0.1484610030714747, 0.14408383029951907, 0.14705895634359775, 0.13393586649573563, 0.14598776946694786, 0.13608360807932784, 0.14438896624339717], [0.14844333745345956, 0.14411244869286, 0.14740804948865013, 0.13369524386960377, 0.14607673254166237, 0.13585831404419155, 0.14440587390957266], [0.14854935266640615, 0.14401154790708456, 0.1478618513273233, 0.13329376647236466, 0.1463243261410708, 0.13543796201262026, 0.14452119347313028], [0.14878783348461314, 0.14405220945225464, 0.14634208941843582, 0.13423017411147931, 0.1459372746191564, 0.13625012585925581, 0.1444002930548049], [0.14610046683694822, 0.13694961899718874, 0.13937768935725442, 0.14106629230746023, 0.14963061753046819, 0.14321462301407792, 0.14366069195660222], [0.14865402214729162, 0.14400594791331817, 0.14663733945598489, 0.13416752054543671, 0.14597439133318835, 0.13616387580671213, 0.14439690279806813], [0.14648332213119744, 0.13709330044738552, 0.14010460994856344, 0.14036801514829456, 0.14961721551516879, 0.14251680607493117, 0.14381673073445911], [0.14889311258394264, 0.14345667903149667, 0.14588906394588655, 0.13453905859744611, 0.14614315466459377, 0.13660069767762428, 0.14447823349900996], [0.14865392187823268, 0.14403660041138822, 0.14654555506784747, 0.13419700846453517, 0.14594542191815255, 0.1362241316246969, 0.14439736063514705], [0.14864798879455693, 0.14416168609733904, 0.1464771056070148, 0.13429504065109896, 0.14586169119026413, 0.13622869227570733, 0.14432779538401888], [0.14884362832732867, 0.14250233124164891, 0.14445526626725547, 0.13583273609731442, 0.146409095435107, 0.13760011562155264, 0.14435682700979294], [0.14888948184338999, 0.14252756790731061, 0.14459086805113747, 0.13571650158974574, 0.14643331620521641, 0.13747534628912514, 0.14436691811407473], [0.14770206290798152, 0.13855066495174762, 0.14184763382003066, 0.1382514337524611, 0.14912508075105446, 0.1403747398465485, 0.14414838397017621], [0.14785956297700351, 0.13829895005771417, 0.14211388342718873, 0.13790893767602502, 0.14948892373442738, 0.14006867766922537, 0.1442610644584158], [0.1487297336301199, 0.14383169438595664, 0.14642659240344752, 0.13423968844155371, 0.14602645806386025, 0.13630156927570272, 0.14444426379935923], [0.14813828249333341, 0.13936119620900747, 0.14266701378122187, 0.13740453718327794, 0.14862338413718426, 0.13952832979056667, 0.14427725640540837], [0.14846628831000019, 0.14160171986388281, 0.14356108941371165, 0.13673695648538839, 0.14677198308373082, 0.13849295377613763, 0.1443690090671485], [0.14040700886815199, 0.13115367445896572, 0.14130958153683607, 0.14606730441963831, 0.15009299216385907, 0.14871213550497675, 0.14225730304757211], [0.14795910204317206, 0.13974918524367891, 0.1422904687661424, 0.13786916271912711, 0.14808032140475194, 0.13984727358900875, 0.14420448623411883], [0.14909435165963794, 0.14284294213730767, 0.14636816136462663, 0.13417998681776783, 0.14668092575178882, 0.13618934007361072, 0.14464429219526043], [0.14889193556650718, 0.14242045700309536, 0.1444255946390787, 0.13580632749452787, 0.1465178853103043, 0.13756818739344523, 0.14436961259304146], [0.14855980394579921, 0.14390441399960774, 0.14629823755199453, 0.13449469858795413, 0.14587519608322347, 0.13649243880309833, 0.14437521102832263], [0.14866212347452137, 0.14184544439269273, 0.1438682944616754, 0.13639041387576489, 0.14676364063572483, 0.13815238238819502, 0.14431770077142567], [0.14697540821764085, 0.1380370424492724, 0.14043706577296688, 0.13967881752714384, 0.14920754543463047, 0.14175893932505226, 0.14390518127329324], [0.14866482121080887, 0.14407145691565459, 0.14648364150076076, 0.13426522214787584, 0.14591145097232222, 0.1362375025843891, 0.14436590466818863], [0.14816113565997616, 0.13948808381471048, 0.14261568279198716, 0.13745839249147596, 0.14857096449072241, 0.13948333355210871, 0.14422240719901913], [0.14857877970556491, 0.14415610422125952, 0.14658719638548626, 0.13424169481430698, 0.14586854293463417, 0.13622897469645512, 0.14433870724229306], [0.1488938445349941, 0.14399635749116729, 0.14643495166780651, 0.13413752581534394, 0.14601888273914962, 0.13611031247408081, 0.14440812527745772], [0.1486744922231627, 0.14205119753956366, 0.14405585327652065, 0.1362148519760516, 0.14658935162581369, 0.13803500834479923, 0.14437924501408841], [0.14849165752685461, 0.1443488059628048, 0.14703017546118619, 0.13389614443698256, 0.14590312068012179, 0.136009987779452, 0.1443201081525981], [0.14819510460057003, 0.14037153490947504, 0.14266217503070705, 0.13736540124842106, 0.1476955902142888, 0.13940962722161007, 0.14430056677492792], [0.14693002343691094, 0.13751055137459198, 0.14070286984531868, 0.13957560720338497, 0.14954964708436769, 0.14177325369953628, 0.14395804735588952], [0.14853455858041567, 0.14183509595423122, 0.14372884962816987, 0.13660275277688969, 0.14662768306014132, 0.13833819153019225, 0.14433286846995999], [0.148923008141879, 0.14256624217594674, 0.14469002878865933, 0.13560499603547876, 0.14644244755929972, 0.13738739634233998, 0.14438588095639646], [0.13978343520454037, 0.13208301887792312, 0.14224705181859185, 0.14615666814461312, 0.14915422144905083, 0.14866222063281215, 0.14191338387246855], [0.14870983285573391, 0.14388944791907715, 0.14646151599620857, 0.13425916390461659, 0.14599775717469402, 0.13626633625299978, 0.14441594589666998], [0.1485762689950943, 0.14221516461992964, 0.14398859991449092, 0.13635167760811684, 0.14637153042993697, 0.13813313062703281, 0.14436362780539849], [0.14869530355015514, 0.14432937575039106, 0.14690047693619701, 0.13404415455428156, 0.14590143202900527, 0.13586353306505555, 0.1442657241149144], [0.14859530348201924, 0.14411566547458496, 0.14634568793352948, 0.13443657139388862, 0.14581799187961594, 0.1363640783725461, 0.1443247014638156], [0.14689476130394008, 0.13773630423428868, 0.14049508060450311, 0.13973215215556142, 0.14938379721756156, 0.14185620617774591, 0.14390169830639923], [0.14885105466230031, 0.14270405415016538, 0.14471728926373251, 0.13558070246283185, 0.14630605543699141, 0.13742356757805271, 0.14441727644592578], [0.1399025506277142, 0.13255297923261186, 0.14211273644657851, 0.14623847717447827, 0.14885686272972776, 0.14851145438552935, 0.14182493940336016], [0.14886705113749005, 0.14292368716358053, 0.14489302398528278, 0.13550740580794915, 0.14618659271550152, 0.1372508417170038, 0.14437139747319219], [0.14852645243271473, 0.14426749086750251, 0.14660911773964677, 0.13424135628267403, 0.14580767425082863, 0.13625121111972124, 0.14429669730691211], [0.14906579096081055, 0.14304774176780632, 0.14651570426806113, 0.13410434313854847, 0.1465913599646062, 0.1360498620366061, 0.14462519786356129], [0.14534584440846382, 0.13626495600812411, 0.13881881814198677, 0.14227718770913933, 0.14956157707848258, 0.14429086288091494, 0.1434407537728884], [0.14391848504026417, 0.13456267012834822, 0.13846680724762439, 0.14407545295337276, 0.1496441960461995, 0.14624145606639033, 0.14309093251780058], [0.13940630855464201, 0.13256128999796951, 0.14271015675081883, 0.14624535900824709, 0.14871214470469965, 0.14863654657668582, 0.14172819440693712], [0.14844278638323802, 0.1417637526647659, 0.14354376434220786, 0.1367889254778395, 0.14659491588093956, 0.13853045461440822, 0.14433540063660097], [0.14124263648349275, 0.1315216905254728, 0.1404722852686964, 0.14574488456356968, 0.15019760773534818, 0.1483635322904637, 0.14245736313295651], [0.1488914310517665, 0.14340796155940683, 0.14557584838405146, 0.13483193339507316, 0.14607028367105515, 0.13677698446900624, 0.14444555746964069], [0.14908650320334096, 0.14295603293094952, 0.14653065312392083, 0.13402655177323083, 0.14666610734479077, 0.13605465777881939, 0.14467949384494769], [0.1466336555436748, 0.1511136310964839, 0.14576062693704059, 0.13952141935515092, 0.1432932262354934, 0.1330706046938874, 0.14060683613826902], [0.1472969047885852, 0.15054635960537727, 0.14735919702478478, 0.13638502225823537, 0.1436422691577211, 0.13233867973330166, 0.14243156743199464], [0.14990444823992433, 0.14640675962455918, 0.13751350387245351, 0.14225531436667377, 0.13847766791867097, 0.1377871945245269, 0.14765511145319138], [0.14938741996798588, 0.14633004476380865, 0.1387165155417176, 0.14145458509241454, 0.13905171774162436, 0.13769637876100649, 0.14736333813144251], [0.1477419101350913, 0.13961724415360405, 0.1239994693760805, 0.15268750774958675, 0.14117011581314404, 0.14650685586950005, 0.14827689690299334], [0.1462481852172148, 0.15082921537789035, 0.1483196010905358, 0.13745617799165699, 0.14486309183929066, 0.13171085165663593, 0.14057287682677555], [0.14688322358712902, 0.15042164412828493, 0.14701906283440772, 0.13709826526989669, 0.14339720671711903, 0.13291260032274069, 0.1422679971404219], [0.14837031398795006, 0.14997934338254615, 0.14727151085009713, 0.13501401231413171, 0.14382314591007334, 0.13155043309456579, 0.14399124046063583], [0.1488822377218017, 0.14179713704287247, 0.12562463984708147, 0.15084143395182181, 0.14051135022275646, 0.14430726994173573, 0.14803593127193032], [0.14900537452686252, 0.15091823153061404, 0.14287045482494565, 0.13974485014382057, 0.14248654708468766, 0.1318321303246264, 0.14314241156444316], [0.14899137042253591, 0.15077827601743235, 0.14584460262679272, 0.13552142714254628, 0.14309265749470518, 0.13167248497455045, 0.14409918132143706], [0.14804783026719862, 0.14037004240529521, 0.12415151198448532, 0.15228994354021005, 0.1411366244211561, 0.1458974493369887, 0.14810659804466597], [0.14953601283901985, 0.14994934668671228, 0.14421383043831584, 0.13939245944867709, 0.14439382841399506, 0.12935690229767091, 0.14315761987560893], [0.1505502368115772, 0.14564755263351276, 0.13416199632262732, 0.14532070363730654, 0.13662493624150779, 0.13943753052182503, 0.1482570438316434], [0.1451171334362136, 0.15055716281522494, 0.14941903167505571, 0.13769147017900277, 0.14483916260119253, 0.13252721731225695, 0.13984882198105344], [0.14908370751077082, 0.15109055868809004, 0.14436728870433338, 0.13778325535234981, 0.14270414536544643, 0.13142009163268184, 0.14355095274632773], [0.15006903409044758, 0.14962188532034551, 0.14219571201322087, 0.1398654169244572, 0.14204290155139909, 0.13112274889992404, 0.14508230120020577], [0.14533447247113893, 0.15071702757597882, 0.14832568252996267, 0.13843123628622053, 0.14409277838033871, 0.1331700703062289, 0.13992873245013146], [0.14976089613108015, 0.14609131024714975, 0.13747172390093235, 0.14242070746652927, 0.13850339874056036, 0.13806639849359642, 0.14768556502015176], [0.14658174749278677, 0.15132243563107467, 0.15081959599152731, 0.13547434026043309, 0.1467881081584933, 0.1294348821660978, 0.13957889029958709], [0.14959037010475912, 0.14944562883897902, 0.14410223470026293, 0.13715469841316957, 0.14178361136306514, 0.13232721994900176, 0.14559623663076246], [0.15033026099811209, 0.15001198695294352, 0.13449285453057619, 0.14412868205598303, 0.13972430291645208, 0.13660892194064531, 0.14470299060528782], [0.15029292195622102, 0.14594729541704363, 0.13556336085496554, 0.14389091055663555, 0.13758617437607926, 0.13866581710272829, 0.14805351973632669], [0.15010334418855006, 0.14434160756966485, 0.1325825910414698, 0.14644747503118616, 0.13737750661131251, 0.14077067150883699, 0.14837680404897963], [0.1465584868262429, 0.1510764432050499, 0.15109379956224286, 0.13500508563688124, 0.14686145039991166, 0.12935259929408705, 0.14005213507558442], [0.14993751333141825, 0.14623209059870571, 0.13717216905547586, 0.14258145825080445, 0.13833330200610297, 0.1380060078461802, 0.1477374589113126], [0.14985535123676183, 0.15033277269648326, 0.14212252572800629, 0.14023594508905085, 0.14249047090639469, 0.13108360712805056, 0.14387932721525257], [0.14909054938847796, 0.14623874591840758, 0.13925700077519865, 0.14116940388431387, 0.13929982454394546, 0.13774525906578339, 0.1471992164238731], [0.15040359714153292, 0.14499147895107709, 0.13208412427294336, 0.14657497373303108, 0.13722531428609713, 0.14049770296390049, 0.1482228086514179], [0.14940922849313398, 0.14236939762703091, 0.13114676916853488, 0.14851278550058783, 0.13815660146997924, 0.14211148602687446, 0.14829373171385865], [0.14584285386811793, 0.15090899989421472, 0.1453380138062888, 0.14083485148683086, 0.14322826570125444, 0.13396655440959687, 0.13988046083369632], [0.14791917950822081, 0.14975458542339976, 0.14770925827883225, 0.13522113481766965, 0.1438478139250102, 0.13189418178651804, 0.1436538462603493], [0.14626269551052545, 0.15093830196554925, 0.14605249648132362, 0.13991014056088136, 0.14391545469495393, 0.1328172418214936, 0.14010366896527282], [0.14671197611181766, 0.15092096333769112, 0.13741511575244836, 0.14553577026192652, 0.13925408203557646, 0.13905901041813162, 0.14110308208240818], [0.1489074670123012, 0.15083350053519037, 0.14606917630040542, 0.13552617388426955, 0.14331581820319983, 0.13144176849396852, 0.14390609557066511], [0.1492071167384576, 0.15106969696372391, 0.14450220543852096, 0.1373401828186985, 0.14263555596439634, 0.13141897623786528, 0.14382626583833744], [0.15014599341581181, 0.14944278099241051, 0.1330311904075146, 0.1456573742180913, 0.13999124268376431, 0.13758741104396729, 0.14414400723844017], [0.14887179926564911, 0.15109666944402747, 0.14557101380867479, 0.1368352479374805, 0.14341649975770307, 0.1309193087416278, 0.14328946104483728], [0.15067742772902254, 0.14579302945191322, 0.13342472968915958, 0.14561945442552771, 0.13655716085166361, 0.13965658371973774, 0.14827161413297563], [0.14962378571265861, 0.1427550283896116, 0.13024303122875325, 0.14831270866679769, 0.13830275420801225, 0.14228768775103329, 0.14847500404313332], [0.14705870840295507, 0.15022846906240528, 0.14655638424118989, 0.13712222754719103, 0.14281991042269124, 0.13344174539709183, 0.14277255492647564], [0.14838656445909407, 0.14991616470060443, 0.14742545142154093, 0.13494798398408267, 0.14389115291800234, 0.13145402047933033, 0.14397866203734525], [0.14982004637231802, 0.14977304131896205, 0.13431403290426847, 0.14527188562017102, 0.14020977501375373, 0.13708777063339753, 0.14352344813712919], [0.14938741996798588, 0.14633004476380865, 0.1387165155417176, 0.14145458509241454, 0.13905171774162436, 0.13769637876100649, 0.14736333813144251], [0.14889439527333878, 0.1414041119407988, 0.126058151117308, 0.15083524151399696, 0.14029690349577867, 0.144309473383818, 0.14820172327496081], [0.14957408250860801, 0.14967914862776829, 0.14520491498696356, 0.13657422336032035, 0.1427511468486162, 0.13108908507267802, 0.14512739859504556], [0.14686104173709322, 0.13761019649997525, 0.12441108832546419, 0.15362643631456208, 0.14195160997011433, 0.14729901344309765, 0.14824061370969333], [0.15044419464627951, 0.1461501189009321, 0.13585877008627673, 0.14401079127149816, 0.13709713964009701, 0.13841798724116899, 0.14802099821374748], [0.14820909424231085, 0.14045920050999264, 0.1246310031526532, 0.151964981617636, 0.14096495842637213, 0.14561076304310164, 0.14815999900793353], [0.14971005424700798, 0.15006541385286601, 0.14313363079390481, 0.1398512806923283, 0.1433938389960811, 0.13021843159728277, 0.14362734982052905], [0.14533169128313972, 0.15115868447171396, 0.14912012749946613, 0.13887375379968159, 0.14619797210132032, 0.13108714960626033, 0.13823062123841789], [0.15051896564178593, 0.14979672500486854, 0.13449689856275929, 0.14398438332835672, 0.13959168043312598, 0.13648664110623066, 0.14512470592287288], [0.14898176